64.3
68.1
63.0
69.1
74.2
79.3
82.5
89.5
90.0
87.2
89.4
92.3
90.1
94.2
95.6
93.4
91.2
85.2
80.7
82.1
79.2
75.3
72.9
74.2
70.6
69.2
67.1
62.7
65.7
63.5
62.4
62.9
61.4
60.3
70.3
70.9
70.3
70.1
70.9
68.6
66.5
66.1
66.4
66.9
73.2
79.1
83.9
85.1
89.4
93.5
96.6
99.1
84.2
80.5
77.2
74.9
72.1
73.9
72.1
69.3
66.0
65.2
65.1
63.2
61.2
65.9
70.4
77.7
75.3
73.1
72.1
70.1
69.4
69.9
70.4
70.5
70.9
71.5
72.9
69.6
69.1
69.4
69.5
74.1
79.3
80.4
82.5
84.2
88.8
80.8
76.9
73.5
72.0
71.9
70.1
69.0
68.6
67.8
66.1
72.2
79.6