773.9
846.5
1284.7
723.8
936.8
574.6
584.4
893.6
483.3
600.0
836.3
900.5
1000.9
846.7
737.6
935.7
500.3
834.5
957.3
857.1
846.9
746.2
846.3
578.8
745.2
836.4
549.7
746.8
795.2
836.9
947.2
600.8
1000.7
1200.8
814.4
947.2
847.2
746.3
847.2
957.1
846.2
896.1
846.6
957.8
947.5
580.9
736.4
600.9
500.4
700.9
746.3
900.6
1000.2
1300.9
1200.3
1400.5
1382.2
1249.9
1175.9
904.5
740.7
575.3
509.6
837.3
854.2
857.1
958.9
1000.3
850.5
837.1
957.2
836.1
694.6
857.8
967.4
600.3
475.7
846.2
969.8
968.5
973.6
972.3
850.8
754.5
867.5
857.2
648.9
583.1
531.5
698.3
757.6
958.2
918.8
1008.5
1044.3
1230.7
1402.5
1194.3
800.6
1084.7