5000.5
4659.7
6573.5
5574.7
6756.4
5003.5
4723.4
4300.9
4100.9
4350.7
3900.5
3853.9
3409.2
3105.1
2904.3
2850.0
2504.2
2850.2
2578.3
3756.3
7454.5
7357.8
5837.2
6834.9
7454.3
5274.4
7453.7
6456.5
4753.1
4653.7
4284.8
5736.2
6483.6
3656.6
2857.1
2583.2
3575.9
4957.6
5967.3
6359.6
7042.3
7230.2
6536.1
5374.4
6254.6
5628.7
6395.1
6366.4
6293.2
5239.7
4238.5
6384.8
6763.7
7177.5
7463.4
5374.9
4234.3
3645.2
4653.6
5632.2
7184.5
7485.8
6553.5
5374.3
6384.1
4264.0
5000.6
4653.9
6485.4
7364.1
2575.0
3753.6
4756.9
3857.2
3840.0
4857.8
5867.9
7285.3
5473.6
3447.4
4856.3
5863.7
6431.9
6111.3
6332.5
6413.9
6666.5
7463.2
7444.7
7351.3
7001.1
7239.6
6969.9
6342.3
5425.1
4527.7
3656.9
3857.5
5739.7
4756.2